function [k] = R1_17(Te)
    k = zeros(1,17);
    Tg = 600;
    k(1) = 1.1e-14*Te^0.42*exp(-16.05/Te); 
    k(2) = 4.73e-14*Te^(-0.23)*exp(-10.09/Te);
    k(3) = 2.05e-17*Te^(-1.04)*exp(-9.04/Te);
    k(4) = 7.89e-15*Te^(0.41)*exp(-14.23/Te);
    k(5) = 6.4e-16;
    k(6) = 1.88e-13*Te^(-0.39)*exp(-28.82/Te);
    k(7) = 1.93e-16*Te^(-1.07)*exp(-2.70/Te) + ...
           2.59e-15*Te^(-1.27)*exp(-6.45/(Te+0.10));
    k(8) = 2.00e-15;
    k(9) = 1.28e-13*(300/Tg)^0.50;
    k(10) = 8.29e-13*(300/Tg)^0.50;
    k(11) = 8.29e-13*(300/Tg)^0.50; 
    k(12) = 1.24e-12*Te^(0.03)*exp(-10.44/Te);
    k(13) = 1e-13*Te^(0.37)*exp(-14.46/Te);
    k(14) = 1.63e-21;
    k(15) = 2.35e-14*Te^0.4;
    k(16) = 2.19e-15*Te^0.8;
    k(17) = 7.30e-16*Te^0.8;